# ----------------------------------------------------------------------
#          x         y         Y        x2        xy
# ----------------------------------------------------------------------
#     0.00100 790.00000   6.67203   6.67203   0.00000   0.00667
#     0.01000 630.00000   6.44572   6.44572   0.00010   0.06446
#     0.03000 375.00000   5.92693   5.92693   0.00090   0.17781
#     0.05000 250.00000   5.52146   5.52146   0.00250   0.27607
#     0.07000 150.00000   5.01064   5.01064   0.00490   0.35074
#     0.10000  75.00000   4.31749   4.31749   0.01000   0.43175
#     0.12500  40.00000   3.68888   3.68888   0.01562   0.46111
#     0.15000  20.00000   2.99573   2.99573   0.02250   0.44936
#     0.17500  10.00000   2.30259   2.30259   0.03062   0.40295
#     0.20000   5.00000   1.60944   1.60944   0.04000   0.32189
# ----------------------------------------------------------------------
#    0.91100 2345.00000  44.49090   0.12715   2.94281
# ----------------------------------------------------------------------
#         a=-25.14346             b=6.73966        B=845.27274
# ----------------------------------------------------------------------
#          x         y         Y      yfit
# ----------------------------------------------------------------------
   0.00100 790.00000   6.67203 824.28462
   0.01000 630.00000   6.44572 657.35533
   0.03000 375.00000   5.92693 397.56380
   0.05000 250.00000   5.52146 240.44374
   0.07000 150.00000   5.01064 145.41866
   0.10000  75.00000   4.31749  68.39591
   0.12500  40.00000   3.68888  36.47862
   0.15000  20.00000   2.99573  19.45569
   0.17500  10.00000   2.30259  10.37660
   0.20000   5.00000   1.60944   5.53431
# ----------------------------------------------------------------------
