The augmented matrix is:
        1.00000        1.00000        1.00000        2.00000
        2.00000        1.00000        2.00000        2.00000
        3.00000       -1.00000        2.00000       -1.00000

Partial pivoting:
        2.00000        1.00000        1.00000        2.00000
        3.00000        1.00000        2.00000        2.00000
        1.00000       -1.00000        2.00000       -1.00000

Jordan's first modification:
        1.00000        0.50000        0.50000        1.00000
        3.00000        1.00000        2.00000        2.00000
        1.00000       -1.00000        2.00000       -1.00000

First elimination:
        1.00000        0.50000        0.50000        1.00000
        0.00000       -0.50000        0.50000       -1.00000
        0.00000       -1.50000        1.50000       -2.00000

